116374117927631468606 101765416973555767821
112188647432305746617 107727150903234299458
116719211656774388392 100432456209427807893
117421021456205115327 101096322838605097368
116407635616074189669 113556266482860931616
105706178492556563330 111169963967137030210
107527001343993112621 110877363259509543172
105513412023818293063 115710735637044108808
108736646334864181044 112393248315358692010
108683283643126638695 107111579950257773726
103743296950120157401 103583604759580854844
113838352498860544569 118299777136505117634
106027609527831583580 118299777136505117634
108322543021146059132 100814778216375933054
106558284273162270526 115478779964227301239
108396103565552463387 104987932455782713675
106862156479660675047 113222062708936891262
115221898088173734174 107026299993226528916
101692096009250888838 109043804130056015419
108443027359212340995 109412257237874861202
101650411383078099702 112579116320573535497
115459243651688775505 100300281975626912157
116766352265080910418 116098871290246433189
116200892915573902040 113715935026755255296
102815391713140794570 111698080133801028608
111159671558660040486 117296255407633884056
108208513736292177751 112737087024763980113
113261832667487932178 105513412023818293063
106501936839371135482 115565811010545226083
107625557514813177939 109667384864782087641
105015334290243649083 105268634963924623607
106467891941793155295 118292708268361843293
113859540036726448291 113801236315350503728
116334142134816078699 114765095157367281222
101692096009250888838 109813811254829685344
103341723446617438320 109980414289125676367
102665200552377966664 106198127150293840110
102522934609785480475 103486150650858067282
113581596275616200424 113127486243987630038
109849052345512343653 107058695811249115309
109398421611492546729 107426011058867778586
105902716863305090394 113475277239647026452
101261243957067319422 111890945016831896743
113003110209055466285 118053787345192709725
107727150903234299458 109870053628419941069
102038831382717835405 107318169263608653171
112960790583164686894 116013911318003177996
114516047414042281846 114618043230336563405
115772174763814642163 102737705736968820678
117109117655029143874 112218872649456413744
116339430670263519533 103030116155431184588
109318802055851257299 101373193613128995135
111965319170155055546 109789939743085010576
102255986016613110352 114618043230336563405
107732802446301744236 115514397255079403751
104424338679069151673 112375731670409469973
108056398297424061653 107151624355255036787
117791391761541223690 104737437767089317857
101650411383078099702 100313541166146935114
103721531088765428547 114506169898055621778
113764089012565237302 106812353891907639293
103149424132366342295 114345903275605514915
110379434263550065795 100070927167992422053
107395795129791787754 117259934788907243749
100124389520659251191 103809839833065657064
102522934609785480475 111923578555541250439
115243459806091371553 114742546997782116347
117297867503542100495 113593979594890738368
106914186897370535526 115843902743138499802
107991035368810507771 107534991451098430533
102255986016613110352 107332232527606860180
102648148748642147788 105902716863305090394
118301801570268856235 106189723444098348646
110636639253275529090 114466969251209334825
117421021456205115327 113754283359377615013
105902716863305090394 110615203095633370838
117698165607464864806 101465854435804471513
114742546997782116347 103833388179391400138
103721531088765428547 107332232527606860180
101052845941647002594 109504153335660824173
118189579474565903298 113863532089714339729
100377940347053808663 102271937385988687810
117680872003014443769 106862156479660675047
112527318327313368964 100221555167886931877
100856215453651990855 114345903275605514915
103341723446617438320 101052845941647002594
118340792148219128230 117220917963904171499
101650411383078099702 114979831891112909762
105068531496447333786 113751353481962008916
107527001343993112621 113154773924849387260
112276589013569458330 106979372492552141708
109266052612007295479 103133177397090504113
117388252776312694644 113702637309752822154
109596373340495798827 104885672108365535825
104679138423679974698 112594943080800558027
115516333681138986628 113097276181543898574
104602860284118862026 118170059441102440825
114629508960670409934 102034052532213921839
112527318327313368964 101265890424846702444
105071119031637859845 117344752225183656923
111159671558660040486 103112149634414554669
101448421982595335481 107358865307002159479
116719211656774388392 106223273394899986618
108346637271615594833 111353258033215403477
101157854606139706613 117680872003014443769
112696040957795558674 112472063587247013272
113910357978240753730 109220060006128553211
101222579319909953067 100872931924256445066
104577357381178665210 109342148209917802565
114765095157367281222 112564135762572403710
103399926392582289066 112614367259340988369
106507463771539639056 115360979797396777969
102725109790365996602 114629508960670409934
100487948960127602987 116098871290246433189
113581596275616200424 101836208498876328891
107211094246725549672 115450369001355623660
110379434263550065795 108144430629893821152
115243459806091371553 103997409386976193988
107156755577155979497 103920960738189723326
111091089527727420853 102604554618567108175
107375322906605680039 103839604733587411268
102547044539623029950 117297867503542100495
114985346359714431656 107543460658107759808
107527001343993112621 114618043230336563405
109596373340495798827 114746422988923214718
109317282441167678380 104550678234629742078
118292708268361843293 108189587050871927619
107534991451098430533 113686253941057080055
100333543044473222310 115958937168985975805
111162301399626566385 103029870795404358045
103911183408644149411 108159551615224338529
113340344488226387361 109813896768294978296
103461291458554701630 105228342880444036996
115490868856377625184 112661262066626464523
107156755577155979497 107330528562005281406
103697821787469756035 114082129627545059603
107959790171356428064 100313541166146935114
116513405135290689474 103797409565331693058
102255986016613110352 102744972162477610699
109923941665874520762 104885672108365535825
101052845941647002594 100974258168375166691
106612198252274444886 114345903275605514915
101682840338947184385 118418436905562612953
116207116265059961468 112599748506977857728
118224579703977604263 113872202125493185615
107545326706908151271 107117483540235115863
107797841320768724118 108152786201218528136
112330426094287690538 113544226688149802325
116719211656774388392 107161758471284783023
100763770877733610336 104577357381178665210
118340792148219128230 112875351967017263037
110776101657735290617 113710395888978478005
103103834116993607848 112072934052683456906
116766352265080910418 113702637309752822154
103984595971776502972 102034052532213921839
112799586715644830245 104424338679069151673
113612142759476883204 103716847685048716973
108802007785063759788 117068310245969878270
105126600602218044918 115623252983295760522
105198837466762147542 116464344073545994074
112696040957795558674 112528361054207070701
109699802280969182272 113643425309682495997
118299777136505117634 104987932455782713675
103103834116993607848 100327603635717936220
107760322959931160638 103712172077289099783
111035851894814840076 104428814384443083380
109699802280969182272 103616688306533110915
108037135973386438800 102604554618567108175
102815391713140794570 110580546447401631126
107111579950257773726 116229548584533052328
102829356913057400397 112799900876016618370
114688759411241407928 113625462103500841369
103368812767070779872 108189587050871927619
109145684557742553091 101333593083741950617
105146290850515029724 107323662131088936833
110636639253275529090 108855865811376080819
104679138423679974698 107583881769758392932
110379434263550065795 101738342045651955119
102665200552377966664 103149424132366342295
117220917963904171499 103721531088765428547
105146290850515029724 100493440776527702800
107926385284408156819 106324123467069891099
114744510189908480227 117895053585997781991
100333543044473222310 112671613807103204042
106612198252274444886 111910200485959385328
106944536119733342041 114765095157367281222
112883523226102191623 100043057758270223301
101682840338947184385 103795921262630398720
114870652491954460386 107375322906605680039
114334979365075139609 108189587050871927619
113316148669723868015 101465854435804471513
101962829696981365403 115111902757485641613
114987957963756854287 106784868338928174619
114121522802422541341 118207880179234484610
103616688306533110915 105009504092403807731
115243459806091371553 109667384864782087641
107318169263608653171 102090995491094543233
111510457148784436503 101739469994127372590
114700236104341164111 112393248315358692010
102815391713140794570 100673001273604863893
107892094740226004193 115080511474130363904
102522934609785480475 113625462103500841369
116229548584533052328 115970504272079730559
104679138423679974698 103145081878594422544
110877363259509543172 106563076987268237912
108322543021146059132 115221898088173734174
114345903275605514915 112662293249952729394
115702306533209355625 111991876596496628445
109596373340495798827 100940716892313727285
113929616350498302317 104397059726359189186
106027609527831583580 116799045993451756042
110701307803962595019 107323726887023845557
107991035368810507771 101872015774361781592
117421021456205115327 102150693225130002912
102904072906435195211 101739469994127372590
101052845941647002594 100042589426158562339
112433233162542061134 100834378485895409468
115739378269261680935 117757565120070816446
114664307180734299077 100518419853963396365
116737306836663798171 103618199843630115520
110258899475477198037 118320665823821681206
117840649766034848455 100585555255542998765
107760322959931160638 117556389603643931415
101692096009250888838 102767420110355783754
111435079858164240138 110865239138634754687
109813811254829685344 109596373340495798827
108208513736292177751 111965319170155055546
114346317659753507000 108202274299391625681
111983095812878629768 113506898598086193893
110865239138634754687 111633725541752229957
113340344488226387361 107055831699570675932
115958937168985975805 106812353891907639293
115243459806091371553 113069090773132071782
113127486243987630038 114717554329322767813
105598331474460267998 111910200485959385328
110276241285032138769 116539512926812481317
117388252776312694644 111499908439497508351
113859540036726448291 103147347309732225253
113764089012565237302 115858612877723984178
104679138423679974698 102556961352393259945
105706178492556563330 104482086818095930400
105126600602218044918 108869749635348559485
108896556048763968559 117421021456205115327
107022061436866576067 108094760132961329912
114503806689722509896 112472063587247013272
101052845941647002594 102725109790365996602
107831413340697273273 114699336529956127102
116339430670263519533 117220229319287930142
113764089012565237302 104974535027939443031
100333543044473222310 103454297475480511679
102665200552377966664 117115495439924792722
114744510189908480227 112859244767729828637
111035851894814840076 111056444123779199997
107156755577155979497 112216705550566244316
105248484118148978714 103809839833065657064
103020757351652425388 108056398297424061653
115623252983295760522 103389452828130864950
113581596275616200424 118323006760401758037
117920836752193813135 108189587050871927619
107959790171356428064 113523342129587107920
109486203725207616885 107140884077582692033
108849711147881315177 118301801570268856235
112456998320142661662 116785581294120406864
103145081878594422544 107111579950257773726
117465496456103763317 103345707817934461425
107379489464447013340 107358865307002159479
107236664740300085612 116819601264686093434
113384490254116477731 111711145986835145800
111435079858164240138 110818385850684816555
110446538727989465968 103341723446617438320
113581596275616200424 100377940347053808663
103100496883422151101 115963821022986200770
114466969251209334825 101547242940587948399
104974535027939443031 106467891941793155295
114092052797730247075 105421360534824524100
114287391248383368206 115360471097759949621
111162301399626566385 100432456209427807893
116200892915573902040 111056444123779199997
112707199408484711520 113117251731252114390
117527718645259277548 103693408904411606512
113524745665911089922 109193674823031718540
109596373340495798827 104560124403688998123
106682831104422461380 106189723444098348646
108736646334864181044 116059703588219590243
113581596275616200424 112960790583164686894
107612997855711957528 113929616350498302317
103693408904411606512 115772174763814642163
103103834116993607848 111479780226003223433
102204551868146455501 115490868856377625184
110446538727989465968 105312096129013929007
100763770877733610336 107111579950257773726
109596373340495798827 103100496883422151101
111135306200683567183 114930558215776389910
108736646334864181044 102341149880761839470
114742546997782116347 107869048080571449117
117220917963904171499 112623527164721797936
107760322959931160638 100275307499530023476
116513405135290689474 103647580612402146818
104679138423679974698 115924359456918546658
111135306200683567183 116594199576805510790
111400033629648464807 105237212888595777019
110276241285032138769 112333933532796782076
105015334290243649083 113710395888978478005
101682840338947184385 103997409386976193988
114122960748905067938 112844561713780016118
104679138423679974698 109398421611492546729
104064546334481015008 102604554618567108175
114688759411241407928 109325518935169286094
113261832667487932178 102648148748642147788
112555506420381923902 113144541265223594115
113340344488226387361 108208513736292177751
106808688302434879780 105551989431666449555
102404812583412769241 103140137391526341351
104250970445890717876 114629508960670409934
108094760132961329912 102600774742322762226
112658509879375652305 105000875740568674706
102476152658204495450 113111731715139693250
105545068944703206621 113493854651753327245
107111579950257773726 101052845941647002594
115106448444522478339 116394575739281318169
109454408494598337213 101817213052779787512
108986482395975467331 111091089527727420853
105015334290243649083 111121336912406932897
107926385284408156819 104424338679069151673
115541776543203333211 103030116155431184588
105539218412370809944 103484147548147545515
109398421611492546729 116721722877630861143
106914186897370535526 108172009599607363531
108322543021146059132 104174037294742207726
107959790171356428064 104038699355103594931
108056398297424061653 109813811254829685344
115541776543203333211 118015300804185508647
116719211656774388392 106707821265981413302
113180815516125966443 112710501221399450850
108362732635472987444 106532709318061274779
106682831104422461380 117344752225183656923
118230138066120295920 116899029375914044550
106448042991774980147 114985346359714431656
110446538727989465968 107523860527964908344
109486203725207616885 114031343427075940404
109486203725207616885 110277586713114187619
115243459806091371553 105601162334563131771
115459243651688775505 103111382143198287157
114301140286672625486 114516047414042281846
110348137481819778312 114951205049465295685
101692096009250888838 102607879302800614538
111293145978179424990 103111382143198287157
102034052532213921839 109895887909967698705
106612198252274444886 103321598587319677720
105539218412370809944 104737437767089317857
108322543021146059132 103795921262630398720
109596373340495798827 115216294530290003241
102255986016613110352 112764701986732618903
102915801446798382700 111395306401981598462
106324260969464307293 114345903275605514915
106324260969464307293 104577357381178665210
105668631124768022675 107358865307002159479
118299777136505117634 113116318008017777871
114742546997782116347 108219993075584340257
115530776534617554663 117741745713138927677
112658509879375652305 118175515740251550869
117270655453846612117 103997409386976193988
114516047414042281846 109964383582532868438
116339430670263519533 101265890424846702444
107527001343993112621 111004328782782734958
112333933532796782076 109596373340495798827
116766352265080910418 103825681530404900115
109823866624096356922 113684228229434604484
113261832667487932178 114850559479625069262
107323726887023845557 105445338044186927815
112799586715644830245 107404242080797040590
114928937512638769810 118418436905562612953
101052845941647002594 103795921262630398720
117791391761541223690 116805285176805120365
116634208853439812955 105803618710924334481
114742546997782116347 100856215453651990855
111159671558660040486 101261243957067319422
111162301399626566385 101748070371523002333
112658509879375652305 102965501513711820631
103341723446617438320 109009314991990113794
104987932455782713675 112063946124358686266
114345903275605514915 113495817446278394874
102096212439240784920 112265135089213955243
100555383096414009506 101265890424846702444
117115495439924792722 107318169263608653171
107367382218779881065 112063946124358686266
110276241285032138769 116721722877630861143
113116318008017777871 108854030482751403518
112696040957795558674 102128138296891622543
109596373340495798827 109923941665874520762
101035196437264488455 105706178492556563330
112188647432305746617 116200892915573902040
116374117927631468606 114274687956791581923
115111902757485641613 113116318008017777871
117297867503542100495 115744399689614835150
116766352265080910418 101350483659542128390
107318169263608653171 107602882044753150398
109596373340495798827 105557068601771362265
102607879302800614538 104998691047937243499
101261243957067319422 108172009599607363531
103341723446617438320 102128138296891622543
104064546334481015008 110454253627715621789
104424338679069151673 104458801156000551882
102522934609785480475 107332232527606860180
100447532306249738876 115093555862694271963
104602860284118862026 103984595971776502972
107318169263608653171 103061218133986046830
100555383096414009506 101346228744192401422
117746064116017163300 106204349636430606809
111142884289817620371 109412257237874861202
101157854606139706613 117840649766034848455
107182023412675026262 110100468009673900593
114345903275605514915 111910200485959385328
114247122654933033701 114151508338995369996
107991035368810507771 106950551569609292145
103833388179391400138 110818385850684816555
107545326706908151271 113154773924849387260
110347380425323822802 112063946124358686266
109823866624096356922 112425531150945810444
115221898088173734174 103100496883422151101
107926385284408156819 104560124403688998123
101222579319909953067 103721531088765428547
107797841320768724118 117691391504351341685
114345903275605514915 111004328782782734958
118230138066120295920 114987957963756854287
113217924531763968801 100523784851251213675
111860497034317566483 101333593083741950617
100535338638690515335 104233435224873922474
110348137481819778312 116366087532591682557
116513405135290689474 110656986166810342588
117410239624876462156 111527751772875860138
115018960949282516687 103171849011748425097
113340344488226387361 100432456209427807893
117270655453846612117 104553134624556200907
110865239138634754687 116445437433162945363
109446005446985447768 105118981108167668145
103861741370066605527 106075758531242552855
105363480331625813313 107182023412675026262
113691654116060042197 102150693225130002912
117698165607464864806 116046131107486389598
116539512926812481317 108998673146368660257
108056398297424061653 108066571890832937802
107625557514813177939 111058843129764709244
112188647432305746617 116539512926812481317
103693408904411606512 105620968080914847096
115772174763814642163 117465496456103763317
102179898810351096347 104998691047937243499
100043057758270223301 107951627396497689055
104644540170824315841 118207880179234484610
112658509879375652305 117068310245969878270
107140884077582692033 103697821787469756035
102829356913057400397 114308997625908526960
113523342129587107920 111910200485959385328
101682840338947184385 114951205049465295685
113550515771257787396 104167949686819312626
109877035555455451821 103429767916333774260
102965645472907300610 107151624355255036787
109829103207295789295 114919915226752492773
109813811254829685344 101748070371523002333
100490938532400683276 109813896768294978296
105146290850515029724 107159481602229362655
102648148748642147788 109201681846030076792
103020757351652425388 117108447922509773781
103103834116993607848 112528361054207070701
110615203095633370838 102150693225130002912
115947571425501492839 113116318008017777871
107727150903234299458 102889559256621132781
100856215453651990855 107590093667978669374
107831413340697273273 113699611323257837519
118230138066120295920 111649579223579960688
106724181552911298818 108082478497335384404
109130886479781915270 105076678694475690385
117377434815709898403 118170059441102440825
101174951617223562800 117840649766034848455
113130804065852101231 111288574156818690676
108346637271615594833 107590093667978669374
112737087024763980113 110938159137165455276
109823866624096356922 106812353891907639293
103145081878594422544 111677335179568356696
117297867503542100495 101235095970404720691
106862156479660675047 110560093627011023241
108346637271615594833 106636280351174936240
113114462378360775452 105844328547178759011
109823866624096356922 104441415299714065572
111035851894814840076 100313541166146935114
103912470393680459414 109443407918560334714
106862156479660675047 110446538727989465968
113581596275616200424 107367382218779881065
100487948960127602987 115788203615961124571
115111902757485641613 101849747879612982297
110446538727989465968 106198127150293840110
113064201123974964733 107736282424750070684
115578224090485355580 106525839712250107474
117286003363424561697 101817213052779787512
113127486243987630038 109042059733882129664
106612198252274444886 104484219049883711215
106898588952511738977 108082478497335384404
116200892915573902040 102341630040060852330
109602109099036550366 100623276740673202144
106944536119733342041 101765416973555767821
